001220
001221
001233
001257
001280
001285
001312
001325
001335
001369
001386
001388
001390
001396
001400
301449
301489
301491
301498
301499
301500
301501
301502
301503
301505
301507
301508
301509
301510
301511
301512
301513
301515
301516
301517
301518
301519
301520
301522
301525
301526
301528
301529
301531
301533
301535
301536
301538
301539
301548
301550
301551
301552
301555
301556
301557
301558
301559
301560
301563
301565
301566
301567
301568
301571
301575
301577
301578
301580
301581
301584
301585
301586
301587
301588
301589
301590
301591
301592
301595
301596
301598
301599
301600
301601
301602
301603
301606
301607
301608
301609
301611
301613
301616
301617
301618
301622
301626
301628
301629
301630
301631
301632
301633
301636
301638
301656
301658
301662
301665
301666
301667
301668
301678
301680
301682
301683
301687
301696
302132
600000
600004
600006
600007
600008
600009
600010
600011
600012
600015
600016
600017
600018
600019
600020
600021
600022
600023
600025
600026
600027
600028
600029
600030
600031
600032
600033
600035
600036
600037
600038
600039
600048
600050
600051
600052
600053
600054
600055
600056
600057
600058
600059
600060
600061
600062
600063
600064
600066
600067
600071
600072
600073
600075
600076
600078
600079
600080
600081
600082
600084
600085
600088
600089
600094
600095
600096
600097
600098
600099
600100
600101
600103
600104
600105
600106
600107
600108
600109
600110
600111
600113
600114
600115
600116
600117
600118
600119
600120
600121
600123
600125
600126
600127
600128
600129
600130
600131
600132
600133
600135
600136
600137
600138
600141
600143
600148
600149
600150
600151
600152
600153
600155
600156
600157
600158
600159
600160
600161
600162
600163
600165
600166
600167
600168
600169
600170
600171
600172
600173
600176
600177
600178
600179
600180
600182
600183
600184
600185
600186
600187
600188
600189
600191
600192
600193
600195
600196
600197
600198
600199
600201
600202
600203
600206
600207
600208
600210
600211
600212
600215
600216
600217
600218
600219
600221
600222
600223
600226
600227
600228
600229
600230
600231
600232
600233
600234
600235
600236
600237
600238
600239
600241
600243
600246
600248
600249
600250
600251
600252
600255
600256
600257
600258
600259
600261
600262
600265
600266
600267
600268
600269
600271
600272
600273
600276
600278
600279
600280
600281
600282
600283
600284
600285
600287
600288
600289
600292
600293
600295
600298
600299
600300
600301
600302
600303
600305
600307
600308
600309
600310
600312
600313
600315
600316
600318
600319
600320
600322
600323
600325
600326
600327
600328
600329
600330
600331
600332
600333
600335
600336
600337
600338
600339
600340
600343
600345
600346
600348
600350
600351
600352
600353
600354
600355
600356
600358
600359
600360
600361
600362
600363
600365
600366
600367
600368
600369
600370
600371
600372
600373
600375
600376
600377
600378
600379
600380
600381
600382
600383
600386
600388
600389
600390
600391
600392
600395
600396
600397
600398
600399
600400
600403
600405
600406
600408
600409
600410
600415
600416
600418
600419
600420
600421
600422
600423
600425
600426
600428
600429
600433
600435
600436
600438
600439
600444
600446
600448
600449
600452
600455
600456
600458
600459
600460
600461
600463
600467
600468
600469
600470
600475
600476
600477
600478
600479
600480
600481
600482
600483
600486
600487
600488
600489
600490
600491
600493
600495
600496
600497
600498
600499
600500
600501
600502
600503
600505
600506
600507
600508
600509
600510
600511
600512
600513
600515
600516
600517
600518
600519
600520
600521
600522
600523
600525
600526
600527
600528
600529
600530
600531
600533
600535
600536
600537
600538
600539
600540
600543
600545
600546
600547
600548
600549
600550
600551
600552
600556
600557
600558
600559
600560
600561
600562
600563
600566
600567
600568
600569
600570
600571
600572
600573
600575
600576
600577
600578
600579
600580
600581
600582
600583
600584
600585
600586
600587
600588
600589
600590
600592
600593
600594
600595
600596
600597
600598
600599
600600
600601
600602
600603
600604
600605
600606
600608
600609
600610
600611
600612
600613
600615
600616
600617
600618
600619
600620
600621
600622
600623
600624
600626
600628
600629
600630
600633
600635
600636
600637
600638
600639
600640
600641
600642
600643
600644
600645
600648
600649
600650
600651
600653
600654
600655
600657
600658
600660
600661
600662
600663
600664
600665
600666
600667
600668
600671
600673
600674
600675
600676
600678
600679
600681
600682
600683
600684
600685
600686
600688
600689
600690
600691
600692
600693
600694
600696
600697
600698
600699
600702
600703
600704
600706
600707
600708
600710
600711
600712
600713
600714
600715
600716
600717
600718
600719
600720
600721
600722
600724
600725
600726
600727
600728
600729
600730
600731
600732
600733
600734
600735
600736
600737
600738
600739
600740
600741
600742
600743
600744
600745
600746
600748
600749
600750
600751
600753
600754
600755
600756
600757
600758
600759
600760
600761
600763
600764
600765
600768
600769
600770
600771
600773
600774
600775
600776
600777
600778
600779
600780
600782
600783
600784
600785
600787
600789
600790
600791
600792
600793
600794
600795
600796
600797
600798
600800
600801
600802
600803
600805
600807
600808
600809
600810
600812
600814
600815
600816
600817
600818
600819
600820
600821
600822
600824
600825
600826
600827
600828
600829
600830
600831
600833
600834
600835
600838
600839
600841
600843
600844
600845
600846
600847
600848
600850
600851
600853
600854
600855
600857
600858
600859
600860
600861
600862
600863
600864
600865
600866
600867
600868
600869
600871
600872
600873
600874
600875
600876
600877
600879
600880
600881
600882
600883
600884
600885
600886
600887
600888
600889
600892
600893
600894
600895
600897
600900
600901
600903
600905
600906
600908
600909
600916
600917
600918
600919
600925
600926
600927
600928
600929
600930
600933
600935
600936
600938
600939
600941
600955
600956
600958
600959
600960
600961
600962
600963
600965
600966
600967
600968
600969
600970
600971
600973
600975
600976
600977
600979
600980
600981
600982
600983
600984
600985
600986
600987
600988
600989
600990
600992
600993
600995
600996
600997
600998
600999
601000
601001
601002
601003
601005
601006
601007
601008
601009
601010
601011
601012
601015
601016
601018
601019
601020
601021
601022
601026
601033
601038
601058
601059
601061
601065
601066
601068
601069
601077
601083
601086
601088
601089
601096
601098
601099
601100
601101
601106
601107
601108
601111
601112
601113
601116
601117
601118
601121
601126
601127
601128
601133
601136
601137
601138
601139
601155
601156
601158
601162
601163
601166
601168
601169
601177
601179
601186
601187
601188
601198
601199
601200
601208
601211
601212
601216
601218
601222
601225
601226
601228
601229
601231
601233
601236
601238
601279
601288
601298
601311
601318
601319
601326
601328
601330
601333
601336
601339
601360
601366
601368
601369
601375
601377
601388
601390
601398
601399
601456
601500
601512
601515
601518
601519
601528
601555
601566
601567
601568
601577
601579
601588
601595
601598
601599
601600
601601
601606
601607
601608
601609
601611
601615
601616
601618
601619
601628
601633
601636
601658
601665
601666
601668
601669
601677
601678
601686
601688
601689
601696
601698
601699
601700
601702
601717
601718
601727
601728
601766
601777
601778
601788
601789
601798
601799
601800
601801
601808
601811
601816
601818
601825
601827
601828
601838
601857
601858
601860
601865
601866
601868
601869
601872
601877
601878
601880
601881
601882
601886
601888
601890
601898
601899
601900
601901
601908
601916
601918
601919
601921
601928
601929
601933
601939
601949
601952
601956
601958
601963
601965
601966
601968
601969
601975
601985
601988
601990
601991
601992
601995
601996
601997
601998
601999
603000
603001
603002
603004
603005
603006
603007
603008
603009
603010
603011
603012
603013
603014
603015
603016
603017
603018
603019
603020
603021
603022
603023
603025
603026
603027
603028
603029
603030
603031
603032
603033
603035
603036
603037
603038
603039
603040
603041
603042
603043
603045
603048
603049
603050
603051
603052
603053
603055
603057
603058
603059
603060
603061
603062
603063
603065
603066
603067
603068
603069
603070
603071
603072
603073
603075
603076
603077
603078
603079
603080
603081
603082
603083
603085
603086
603087
603088
603089
603090
603091
603092
603093
603095
603096
603097
603098
603099
603100
603101
603102
603103
603105
603106
603107
603108
603109
603110
603111
603112
603113
603115
603116
603117
603118
603119
603120
603121
603122
603123
603124
603125
603126
603127
603128
603129
603130
603131
603132
603135
603136
603137
603138
603139
603150
603151
603153
603155
603156
603158
603159
603160
603161
603162
603163
603165
603166
603167
603168
603169
603170
603171
603172
603173
603175
603176
603177
603178
603179
603180
603181
603182
603183
603185
603186
603187
603188
603189
603190
603191
603192
603193
603194
603195
603196
603197
603198
603199
603200
603201
603202
603203
603205
603206
603207
603208
603209
603210
603211
603212
603213
603214
603215
603216
603217
603218
603219
603220
603221
603222
603223
603225
603226
603227
603228
603229
603230
603231
603232
603233
603235
603236
603237
603238
603239
603248
603255
603256
603257
603258
603259
603260
603261
603262
603266
603267
603268
603269
603270
603271
603272
603273
603275
603276
603277
603278
603279
603280
603281
603282
603283
603284
603285
603286
603288
603289
603290
603291
603293
603296
603297
603298
603299
603300
603301
603303
603305
603306
603307
603308
603309
603310
603311
603312
603313
603315
603316
603317
603318
603319
603320
603321
603322
603323
603324
603325
603326
603327
603328
603329
603330
603331
603332
603333
603334
603335
603336
603337
603338
603339
603341
603344
603345
603348
603350
603351
603352
603353
603355
603356
603357
603358
603359
603360
603363
603365
603366
603367
603368
603369
603370
603373
603375
603376
603377
603378
603379
603380
603381
603382
603383
603385
603386
603387
603389
603390
603391
603392
603393
603395
603396
603398
603399
603400
603402
603406
603408
603409
603416
603418
603421
603429
603439
603444
603456
603458
603459
603466
603477
603486
603488
603489
603496
603499
603500
603501
603505
603506
603507
603508
603511
603515
603516
603517
603518
603519
603520
603527
603528
603529
603530
603533
603535
603536
603538
603551
603556
603557
603558
603559
603565
603566
603567
603568
603569
603577
603578
603579
603580
603583
603585
603586
603587
603588
603589
603590
603595
603596
603598
603599
603600
603601
603602
603605
603606
603607
603608
603609
603610
603611
603612
603613
603615
603616
603617
603618
603619
603626
603628
603629
603630
603633
603636
603637
603638
603639
603648
603650
603655
603656
603657
603658
603659
603660
603661
603662
603663
603665
603666
603667
603668
603669
603676
603677
603678
603679
603680
603681
603682
603683
603685
603686
603687
603688
603689
603690
603693
603696
603697
603698
603699
603700
603701
603703
603706
603707
603708
603709
603711
603712
603713
603716
603717
603718
603719
603721
603722
603725
603726
603727
603728
603729
603730
603733
603737
603738
603739
603755
603757
603758
603759
603766
603767
603768
603773
603776
603777
603778
603779
603786
603787
603788
603789
603790
603797
603798
603799
603800
603801
603803
603806
603808
603809
603810
603811
603813
603815
603816
603817
603818
603819
603822
603823
603825
603826
603828
603829
603833
603836
603838
603839
603843
603848
603855
603856
603858
603859
603860
603861
603863
603866
603867
603868
603869
603871
603876
603877
603878
603879
603880
603881
603882
603883
603885
603886
603887
603888
603889
603890
603893
603895
603896
603897
603898
603899
603900
603901
603903
603906
603908
603909
603912
603915
603916
603917
603918
603919
603920
603922
603926
603927
603928
603929
603931
603933
603936
603937
603938
603939
603948
603949
603950
603955
603956
603958
603959
603960
603966
603967
603968
603969
603970
603976
603977
603978
603979
603980
603982
603983
603985
603986
603987
603988
603989
603990
603991
603992
603993
603995
603997
603998
603999
605001
605003
605005
605006
605007
605008
605009
605011
605016
605018
605020
605028
605033
605050
605055
605056
605058
605060
605066
605068
605069
605077
605080
605081
605086
605088
605089
605090
605098
605099
605100
605108
605111
605116
605117
605118
605122
605123
605128
605133
605136
605138
605151
605155
605158
605162
605166
605167
605168
605169
605177
605178
605179
605180
605183
605186
605188
605189
605196
605198
605199
605208
605218
605222
605228
605255
605258
605259
605266
605268
605277
605286
605287
605288
605289
605296
605298
605299
605300
605303
605305
605318
605319
605333
605336
605337
605338
605339
605358
605365
605366
605368
605369
605376
605377
605378
605388
605389
605398
605399
605488
605499
605500
605507
605555
605566
605567
605577
605580
605588
605589
605598
605599
688001
688002
688003
688004
688005
688006
688007
688008
688009
688010
688011
688012
688013
688015
688016
688017
688018
688019
688020
688021
688022
688023
688025
688026
688027
688028
688029
688030
688031
688032
688033
688035
688036
688037
688038
688039
688041
688045
688046
688047
688048
688049
688050
688051
688052
688053
688055
688056
688057
688058
688059
688060
688061
688062
688063
688065
688066
688067
688068
688069
688070
688071
688072
688073
688075
688076
688077
688078
688079
688080
688081
688082
688083
688084
688085
688087
688088
688089
688090
688091
688092
688093
688095
688096
688097
688098
688099
688100
688101
688102
688103
688105
688106
688107
688108
688109
688110
688111
688112
688113
688114
688115
688116
688117
688118
688119
688120
688121
688122
688123
688125
688126
688127
688128
688129
688130
688131
688132
688133
688135
688136
688137
688138
688139
688141
688143
688146
688147
688148
688150
688151
688152
688153
688155
688156
688157
688158
688159
688160
688161
688162
688163
688165
688166
688167
688168
688169
688170
688171
688172
688173
688175
688176
688177
688178
688179
688180
688181
688182
688183
688184
688185
688186
688187
688188
688189
688190
688191
688192
688193
688195
688196
688197
688198
688199
688200
688201
688202
688203
688205
688206
688207
688208
688209
688210
688211
688212
688213
688215
688216
688217
688218
688219
688220
688221
688222
688223
688225
688226
688227
688228
688229
688230
688231
688232
688233
688234
688235
688236
688237
688238
688239
688244
688246
688247
688248
688249
688251
688252
688253
688255
688256
688257
688258
688259
688260
688261
688262
688265
688266
688267
688268
688269
688270
688271
688272
688273
688275
688276
688277
688278
688279
688280
688281
688282
688283
688285
688286
688287
688288
688289
688290
688291
688292
688293
688295
688296
688297
688298
688299
688300
688301
688302
688303
688305
688306
688307
688308
688309
688310
688311
688312
688313
688314
688315
688316
688317
688318
688319
688320
688321
688322
688323
688325
688326
688327
688328
688329
688330
688331
688332
688333
688334
688335
688336
688337
688338
688339
688343
688345
688347
688348
688349
688350
688351
688352
688353
688355
688356
688357
688358
688359
688360
688361
688362
688363
688365
688366
688367
688368
688369
688370
688371
688372
688373
688375
688376
688377
688378
688379
688380
688381
688382
688383
688385
688386
688387
688388
688389
688390
688391
688392
688393
688395
688396
688398
688399
688400
688401
688403
688408
688409
688410
688411
688416
688418
688419
688420
688425
688426
688428
688429
688432
688433
688435
688439
688443
688448
688449
688450
688455
688456
688458
688459
688466
688468
688469
688472
688475
688478
688479
688480
688484
688485
688486
688488
688489
688496
688498
688499
688500
688501
688502
688503
688505
688506
688507
688508
688509
688510
688511
688512
688513
688515
688516
688517
688518
688519
688520
688521
688522
688523
688525
688526
688528
688529
688530
688531
688533
688535
688536
688538
688539
688543
688545
688548
688549
688550
688551
688552
688553
688556
688557
688558
688559
688560
688561
688562
688563
688565
688566
688567
688568
688569
688570
688571
688573
688575
688576
688577
688578
688579
688580
688581
688582
688583
688584
688585
688586
688588
688589
688590
688591
688592
688593
688595
688596
688597
688598
688599
688600
688601
688602
688603
688605
688606
688607
688608
688609
688610
688611
688612
688613
688615
688616
688617
688618
688619
688620
688621
688622
688623
688625
688626
688627
688628
688629
688630
688631
688633
688636
688638
688639
688646
688648
688651
688652
688653
688655
688656
688657
688658
688659
688660
688661
688662
688663
688665
688667
688668
688669
688670
688671
688676
688677
688678
688679
688680
688681
688682
688683
688685
688686
688687
688689
688690
688691
688692
688693
688695
688696
688697
688698
688699
688700
688701
688702
688707
688708
688709
688710
688711
688712
688716
688717
688718
688719
688720
688721
688722
688726
688727
688728
688729
688733
688737
688739
688750
688755
688757
688758
688759
688765
688766
688767
688768
688772
688775
688776
688777
688778
688779
688781
688783
688785
688786
688787
688788
688789
688790
688793
688795
688796
688798
688799
688800
688802
688805
688807
688808
688809
688811
688813
688816
688818
688819
688820
688981
689009
920000
920001
920002
920003
920005
920006
920007
920008
920009
920010
920011
920012
920014
920015
920016
920017
920018
920019
920020
920021
920022
920023
920026
920027
920028
920029
920030
920033
920035
920036
920037
920039
920045
920046
920047
920050
920055
920056
920057
920058
920060
920061
920062
920066
920068
920069
920075
920076
920077
920078
920080
920082
920086
920087
920088
920089
920090
920091
920092
920098
920099
920100
920101
920106
920108
920110
920111
920112
920116
920118
920119
920121
920122
920123
920124
920125
920128
920130
920132
920139
920145
920146
920149
920152
920156
920158
920159
920160
920163
920166
920167
920168
920169
920171
920174
920175
920177
920179
920180
920181
920183
920184
920185
920186
920187
920188
920190
920191
920195
920198
920199
920200
920204
920207
920208
920212
920221
920223
920225
920227
920230
920237
920239
920242
920245
920247
920249
920252
920260
920261
920262
920263
920266
920267
920270
920271
920273
920274
920275
920278
920284
920299
920300
920304
920305
920339
920344
920346
920351
920357
920363
920367
920368
920370
920371
920374
920375
920378
920392
920394
920395
920396
920402
920403
920405
920407
920414
920415
920418
920419
920422
920425
920427
920429
920433
920436
920438
920445
920454
920455
920469
920471
920475
920476
920478
920489
920491
920493
920496
920504
920505
920508
920509
920510
920519
920522
920523
920526
920527
920533
920541
920547
920553
920556
920564
920566
920570
920571
920575
920576
920578
920579
920580
920592
920593
920599
920608
920627
920634
920639
920640
920641
920642
920651
920656
920662
920663
920665
920670
920675
920679
920682
920685
920689
920690
920693
920694
920699
920701
920703
920706
920717
920718
920719
920720
920725
920726
920729
920735
920748
920751
920753
920765
920768
920770
920779
920781
920786
920790
920792
920799
920802
920806
920807
920808
920809
920810
920819
920821
920826
920832
920833
920834
920837
920839
920855
920856
920857
920866
920870
920871
920873
920876
920879
920885
920892
920895
920896
920906
920914
920924
920925
920926
920931
920932
920942
920943
920946
920950
920953
920957
920961
920964
920970
920971
920974
920976
920978
920981
920982
920985
920992
